0.264185 0.178456 0
0.409499 0.213456 1
0.926224 0.540329 1
0.573685 0.282145 1
0.953159 0.608121 1
0.422326 0.844277 1
0.733995 0.578508 1
0.528926 0.395999 1
0.844507 0.888243 1
0.516632 0.621279 1
0.613356 0.913753 1
0.051930 0.224059 1
0.693076 0.771207 1
0.218459 0.094800 0
0.462623 0.916130 1
0.565444 0.906358 1
0.709766 0.990023 1
0.476188 0.507265 1
0.428589 0.098529 0
0.916433 0.603193 1
0.846905 0.132193 0
0.586053 0.689220 1
0.483662 0.495088 1
0.318465 0.037164 0
0.679985 0.385115 1
0.546181 0.817448 1
0.698597 0.553553 1
0.948181 0.672108 1
0.291281 0.623738 1
0.532965 0.748927 1
0.879980 0.237742 1
0.759743 0.195766 0
0.333399 0.565892 1
0.734303 0.084971 0
0.117120 0.040817 0
0.652226 0.429767 1
0.988055 0.393918 1
0.397657 0.647492 1
0.312022 0.453745 1
0.282226 0.755971 1
0.495478 0.587146 1
0.813524 0.002516 0
0.589599 0.669406 1
0.672417 0.972595 1
0.101170 0.421915 1
0.144057 0.382653 1
0.265848 0.211769 1
0.442704 0.532470 1
0.342149 0.828888 1
0.964468 0.482005 1
0.758639 0.589456 1
0.596321 0.023495 0
0.271604 0.263571 1
0.003089 0.244161 1
0.659558 0.752336 1
0.641692 0.294135 1
0.751421 0.906103 1
0.557531 0.077195 0
0.473011 0.085159 0
0.537144 0.845261 1
0.510641 0.463497 1
0.399516 0.386569 1
0.763216 0.022219 0
0.363346 0.996123 1
0.239361 0.547801 1
0.853358 0.310025 1
0.639359 0.730921 1
0.780527 0.325180 1
0.726116 0.787976 1
0.595654 0.849308 1
0.895635 0.316888 1
0.573858 0.914265 1
0.369030 0.439608 1
0.524025 0.250040 1
0.672655 0.048617 0
0.291722 0.111780 0
0.644960 0.058067 0
0.302418 0.773956 1
0.403112 0.769138 1
0.349449 0.643354 1
0.737764 0.557693 1
0.128080 0.857247 1
0.996047 0.907805 1
0.108973 0.633621 1
0.459723 0.035284 0
0.810731 0.406464 1
0.980625 0.861303 1
0.386965 0.541398 1
0.276441 0.529803 1
0.444465 0.827395 1
0.145838 0.641347 1
0.789360 0.170162 0
0.080888 0.547640 1
0.870165 0.492789 1
0.555811 0.686625 1
0.244460 0.690596 1
0.807592 0.824086 1
0.704840 0.480021 1
0.442641 0.827116 1
0.529928 0.622556 1
0.315034 0.855625 1
0.781415 0.381832 1
0.010790 0.734763 1
0.609716 0.415488 1
0.927818 0.709132 1
0.647439 0.639772 1
0.186937 0.404650 1
0.012141 0.343379 1
0.245057 0.384417 1
0.589982 0.287759 1
0.155174 0.774611 1
0.888856 0.903887 1
0.343762 0.242485 1
0.631875 0.301156 1
0.712486 0.547355 1
0.802289 0.252270 1
0.179475 0.308695 1
0.820755 0.926336 1
0.761879 0.359780 1
0.766598 0.840708 1
0.734726 0.592865 1
0.756568 0.327687 1
0.936298 0.702006 1
0.250130 0.930222 1
0.154121 0.979414 1
0.021497 0.566464 1
0.129304 0.029920 0
0.603307 0.908639 1
0.234224 0.630806 1
0.693426 0.376342 1
0.903650 0.791327 1
0.191197 0.924324 1
0.331852 0.474902 1
0.447732 0.904069 1
0.802159 0.036245 0
0.542097 0.351486 1
0.011844 0.715132 1
0.575232 0.625298 1
0.195822 0.215779 1
0.569552 0.666608 1
0.468389 0.586399 1
0.423564 0.364728 1
0.854391 0.110697 0
0.723050 0.473712 1
0.593460 0.348805 1
0.257836 0.559509 1
0.518197 0.271455 1
0.566695 0.519473 1
0.213849 0.428457 1
0.644387 0.914609 1
0.008663 0.271065 1
0.001191 0.622150 1
0.692777 0.130103 0
0.138377 0.651725 1
0.078019 0.021327 0
0.425026 0.861474 1
0.977859 0.837101 1
0.427387 0.677054 1
0.119508 0.198552 0
0.733716 0.313584 1
0.099617 0.621421 1
0.630027 0.152316 0
0.713472 0.597602 1
0.537928 0.818435 1
0.075502 0.827159 1
0.219856 0.222097 1
0.995937 0.974240 1
0.038661 0.423691 1
0.476289 0.686449 1
0.331297 0.426800 1
0.642607 0.878823 1
0.351652 0.226526 1
0.776426 0.804322 1
0.920029 0.194628 0
0.514807 0.407705 1
0.400031 0.183439 0
0.526695 0.810200 1
0.663901 0.049201 0
0.351460 0.706899 1
0.666741 0.754347 1
0.453114 0.835046 1
0.924970 0.435775 1
0.504098 0.356947 1
0.577104 0.420342 1
0.184859 0.195942 0
0.754701 0.740561 1
0.020689 0.179859 0
0.907255 0.488769 1
0.579935 0.845011 1
0.601384 0.297832 1
0.973825 0.258945 1
0.171441 0.613409 1
0.475767 0.501561 1
0.751953 0.065234 0
0.056893 0.409902 1
0.446132 0.203343 1
0.206525 0.328637 1
0.812497 0.762191 1
0.303009 0.493819 1
0.839057 0.768224 1
0.094909 0.084355 0
0.598574 0.713421 1
0.334906 0.956757 1
0.842076 0.295150 1
0.742128 0.524901 1
0.737599 0.871390 1
0.482814 0.767475 1
0.567174 0.254606 1
0.075680 0.842828 1
0.312040 0.803150 1
0.541807 0.140443 0
0.652944 0.758354 1
0.594398 0.023504 0
0.492192 0.284927 1
0.379396 0.935681 1
0.871884 0.211397 1
0.430739 0.651613 1
0.216488 0.907241 1
0.985759 0.404344 1
0.354277 0.393186 1
0.531084 0.353516 1
0.129899 0.070116 0
0.741730 0.011115 0
0.133989 0.297344 1
0.182380 0.674332 1
0.242781 0.545176 1
0.553717 0.691233 1
0.824704 0.180211 0
0.132739 0.620942 1
0.869639 0.520759 1
0.509506 0.659512 1
0.403238 0.814802 1
0.490578 0.323163 1
0.115787 0.511496 1
0.554227 0.122787 0
0.526984 0.794079 1
0.998453 0.648719 1
0.326031 0.979265 1
0.228897 0.809234 1
0.627300 0.937581 1
0.263197 0.256407 1
0.074342 0.552680 1
0.661972 0.788727 1
0.341296 0.546865 1
0.506886 0.610124 1
0.215711 0.141008 0
0.434672 0.023708 0
0.604046 0.568315 1
0.935954 0.947880 1
0.748955 0.161371 0
0.885649 0.487392 1
0.344197 0.101957 0
0.690667 0.497931 1
0.922622 0.038121 0
0.765794 0.731020 1
0.614103 0.575643 1
0.203363 0.384077 1
0.198487 0.052191 0
0.793291 0.355821 1
0.851074 0.828384 1
0.580294 0.563560 1
0.171856 0.862418 1
0.743085 0.489874 1
0.156570 0.508024 1
0.974266 0.393078 1
0.216918 0.093125 0
0.331258 0.547074 1
0.802181 0.048433 0
0.980700 0.020112 0
0.417008 0.791671 1
0.970721 0.093815 0
0.493018 0.447809 1
0.368879 0.807259 1
0.466447 0.670400 1
0.025204 0.396321 1
0.862299 0.768871 1
0.600106 0.506142 1
0.532246 0.764420 1
0.455319 0.846459 1
0.075897 0.604686 1
0.699823 0.724222 1
0.799519 0.355737 1
0.107572 0.050549 0
0.038951 0.158715 0
0.688398 0.458074 1
0.006173 0.852493 1
0.448580 0.999240 1
0.682047 0.217000 1
0.858187 0.827503 1
0.181807 0.330200 1
0.721252 0.629397 1
0.491125 0.539125 1
0.496003 0.681555 1
0.058757 0.349832 1
0.247358 0.101737 0
0.009175 0.379093 1
0.211628 0.475133 1
0.337120 0.974586 1
0.149392 0.586671 1
0.097217 0.801922 1
0.131550 0.503147 1
0.321959 0.079064 0
0.602281 0.858333 1
0.410879 0.322197 1
0.551875 0.825389 1
0.012936 0.067581 0
0.941396 0.247726 1
0.599059 0.865203 1
0.936073 0.107728 0
0.693621 0.884200 1
0.627161 0.336761 1
0.282926 0.852469 1
0.007471 0.771588 1
0.865326 0.843722 1
0.383775 0.945889 1
0.789090 0.892881 1
0.475487 0.487150 1
0.148767 0.960185 1
0.716866 0.927423 1
0.702565 0.785422 1
0.938734 0.715709 1
0.297294 0.725998 1
0.051254 0.681304 1
0.780370 0.585135 1
0.884221 0.442841 1
0.869596 0.644772 1
0.807976 0.870614 1
0.555553 0.903730 1
0.911796 0.034653 0
0.449917 0.380614 1
0.739106 0.573848 1
0.140208 0.187523 0
0.353566 0.275043 1
0.382987 0.062027 0
0.521814 0.342661 1
0.842863 0.646301 1
0.667834 0.837043 1
0.575621 0.517165 1
0.742144 0.920589 1
0.683078 0.639504 1
0.438657 0.147579 0
0.297147 0.520602 1
0.628528 0.439171 1
0.544564 0.736779 1
0.582407 0.670936 1
0.087970 0.231523 1
0.710957 0.432976 1
0.581004 0.158323 0
0.373285 0.924682 1
0.435577 0.166045 0
0.750645 0.314332 1
0.333162 0.580521 1
0.764593 0.724371 1
0.985153 0.335308 1
0.719413 0.823319 1
0.115962 0.088526 0
0.648103 0.737081 1
0.364292 0.353163 1
0.645018 0.049751 0
0.199882 0.033965 0
0.599896 0.346899 1
0.103442 0.369061 1
0.010938 0.640680 1
0.279469 0.852773 1
0.933011 0.430229 1
0.591896 0.581784 1
0.255882 0.376664 1
0.484726 0.287189 1
0.904939 0.677826 1
0.728289 0.971010 1
0.383973 0.886582 1
0.514327 0.989751 1
0.390606 0.673526 1
0.719045 0.239825 1
0.104087 0.043324 0
0.159997 0.058810 0
0.682358 0.226231 1
0.740583 0.684469 1
0.462273 0.042931 0
0.772841 0.845462 1
0.372415 0.854332 1
0.039810 0.894720 1
0.882415 0.571132 1
0.977624 0.986606 1
0.473574 0.886446 1
0.467388 0.701029 1
0.354274 0.591196 1
0.475006 0.450859 1
0.992297 0.191953 0
0.153019 0.842352 1
0.751985 0.814777 1
0.991854 0.208726 1
0.147719 0.454541 1
0.913671 0.929223 1
0.123349 0.103402 0
0.235499 0.146825 0
0.413143 0.017809 0
0.136630 0.866327 1
0.478498 0.943582 1
0.950867 0.269373 1
0.786376 0.230114 1
0.953163 0.890749 1
0.901493 0.115011 0
0.326845 0.020181 0
0.266519 0.666372 1
0.626347 0.436126 1
0.939118 0.183404 0
0.323503 0.522080 1
0.967501 0.826038 1
0.414400 0.719073 1
0.103375 0.663059 1
0.414526 0.466321 1
0.518172 0.544145 1
0.928973 0.599766 1
0.038794 0.289096 1
0.183613 0.940178 1
0.418473 0.852059 1
0.303008 0.319017 1
0.330237 0.692097 1
0.999645 0.905600 1
0.312818 0.329943 1
0.187835 0.922898 1
0.668721 0.687542 1
0.192853 0.242718 1
0.098073 0.257142 1
0.552321 0.787387 1
0.596653 0.020224 0
0.067189 0.976480 1
0.774999 0.216784 1
0.768694 0.822044 1
0.645317 0.892693 1
0.905322 0.824429 1
0.422263 0.272863 1
0.856131 0.733753 1
0.021117 0.537975 1
0.776161 0.678525 1
0.718686 0.266454 1
0.681013 0.920152 1
0.362395 0.227954 1
0.631186 0.080984 0
0.719893 0.358076 1
0.376938 0.014241 0
0.398189 0.362757 1
0.695484 0.149466 0
0.682580 0.906733 1
0.745996 0.682511 1
0.619303 0.839215 1
0.122316 0.286357 1
0.566730 0.013259 0
0.087137 0.691639 1
0.514388 0.004651 0
0.151844 0.870267 1
0.988166 0.932189 1
0.856742 0.700401 1
0.165379 0.524227 1
0.207694 0.869056 1
0.819282 0.532699 1
0.675281 0.015330 0
0.391055 0.652656 1
0.134907 0.565425 1
0.337514 0.496417 1
0.224141 0.067419 0
0.872212 0.583189 1
0.359956 0.713038 1
0.516619 0.488786 1
0.015223 0.628603 1
0.432740 0.509791 1
0.387877 0.265586 1
0.072324 0.565673 1
0.433407 0.017279 0
0.823891 0.064042 0
0.001943 0.660931 1
0.207862 0.899837 1
0.527255 0.941560 1
0.806941 0.594965 1
0.754788 0.719535 1
0.355109 0.669933 1
0.409632 0.292407 1
0.379663 0.811356 1
0.574533 0.308869 1
0.827145 0.877906 1
0.784928 0.642025 1
0.336690 0.455982 1
0.462739 0.259927 1
0.858249 0.989349 1
0.930621 0.514900 1
0.889918 0.142814 0
0.154389 0.597138 1
0.573929 0.363539 1
0.029100 0.641355 1
0.774708 0.746868 1
0.663326 0.510655 1
0.271896 0.997067 1
0.523914 0.305597 1
0.238791 0.994026 1
0.948248 0.725534 1
0.661398 0.221612 1
0.712493 0.811590 1
0.043506 0.939042 1
0.388660 0.469402 1
0.317377 0.484425 1
0.230276 0.122932 0
0.831402 0.929783 1
0.208086 0.795463 1
0.959119 0.692273 1
0.770059 0.078570 0
0.276100 0.732549 1
0.691637 0.288470 1
0.802215 0.199014 0
0.597040 0.071286 0
0.701317 0.076435 0
0.567378 0.115444 0
0.210573 0.959929 1
0.254088 0.209059 1
0.991322 0.764310 1
0.092508 0.724814 1
0.721172 0.408558 1
0.012280 0.602084 1
0.804468 0.933303 1
0.504611 0.684022 1
0.708463 0.350062 1
0.891131 0.650656 1
0.444162 0.211203 1
0.262488 0.236254 1
0.135470 0.707584 1
0.031172 0.936490 1
0.425377 0.888389 1
0.174139 0.429422 1
0.324806 0.766604 1
0.710245 0.120226 0
0.078791 0.453956 1
0.872565 0.242425 1
0.845998 0.670466 1
0.085653 0.577730 1
0.874148 0.023160 0
0.219192 0.112657 0
0.467125 0.389828 1
0.855833 0.210054 1
0.388819 0.394907 1
0.322100 0.254199 1
0.845595 0.206311 1
0.706152 0.284698 1
0.370210 0.619987 1
0.877732 0.963419 1
0.408486 0.632865 1
0.483250 0.396857 1
0.326200 0.849855 1
0.397342 0.844912 1
0.406900 0.477121 1
0.200601 0.688392 1
0.261142 0.247008 1
0.701588 0.571634 1
0.314277 0.045529 0
0.131942 0.393193 1
0.019313 0.182927 0
0.568455 0.858095 1
0.701387 0.770631 1
0.279030 0.724968 1
0.094496 0.580072 1
0.051403 0.486125 1
0.670664 0.659943 1
0.324967 0.632912 1
0.133002 0.469397 1
0.578462 0.545239 1
0.459561 0.367457 1
0.328165 0.644431 1
0.997093 0.914724 1
0.109307 0.164467 0
0.805307 0.125487 0
0.798204 0.330834 1
0.316087 0.382838 1
0.717351 0.080798 0
0.658593 0.561473 1
0.995037 0.872603 1
0.782597 0.762436 1
0.238040 0.501499 1
0.586857 0.524117 1
0.208779 0.046161 0
0.506939 0.189092 0
0.352784 0.847863 1
0.615669 0.723167 1
0.156809 0.987924 1
0.178046 0.249730 1
0.598362 0.920422 1
0.616452 0.624820 1
0.848309 0.863743 1
0.234979 0.242658 1
0.746587 0.287980 1
0.026902 0.441918 1
0.136280 0.876161 1
0.058416 0.752836 1
0.342102 0.011726 0
0.747166 0.309727 1
0.242247 0.032009 0
0.001824 0.861739 1
0.346327 0.189900 0
0.742171 0.752664 1
0.767803 0.589257 1
0.634706 0.823061 1
0.372495 0.678007 1
0.586698 0.672720 1
0.351679 0.386441 1
0.539874 0.657858 1
0.889660 0.995248 1
0.115190 0.911324 1
0.325404 0.735983 1
0.904151 0.466207 1
0.076322 0.084976 0
0.584054 0.560468 1
0.612939 0.644190 1
0.261335 0.867831 1
0.911700 0.164995 0
0.650881 0.266672 1
0.036853 0.441914 1
0.699269 0.549969 1
0.411772 0.572871 1
0.363453 0.862496 1
0.413894 0.097400 0
0.423578 0.460840 1
0.605538 0.842437 1
0.804104 0.037664 0
0.718326 0.501133 1
0.672235 0.359306 1
0.767432 0.301488 1
0.799624 0.328131 1
0.183275 0.621477 1
0.739568 0.601146 1
0.795893 0.681274 1
0.894892 0.666984 1
0.589771 0.215887 1
0.955602 0.538191 1
0.253787 0.923064 1
0.525837 0.939309 1
0.670230 0.047027 0
0.011643 0.104085 0
0.909874 0.689925 1
0.577038 0.740674 1
0.560610 0.045985 0
0.689664 0.149693 0
0.302476 0.232402 1
0.396833 0.327933 1
0.601972 0.037113 0
0.208502 0.425061 1
0.638158 0.286044 1
0.997057 0.257634 1
0.039633 0.944260 1
0.691872 0.475754 1
0.626543 0.261246 1
0.484483 0.810784 1
0.762571 0.117627 0
0.713503 0.485253 1
0.577797 0.521861 1
0.354691 0.279095 1
0.545552 0.754215 1
0.980489 0.473638 1
0.606303 0.568612 1
0.603590 0.829438 1
0.815366 0.051142 0
0.983444 0.456039 1
0.929360 0.246516 1
0.841897 0.069616 0
0.357304 0.540154 1
0.872585 0.023955 0
0.536129 0.497163 1
0.554569 0.317303 1
0.599814 0.622114 1
0.479881 0.105906 0
0.457307 0.044800 0
0.908673 0.047408 0
0.521720 0.159780 0
0.656826 0.284653 1
0.850072 0.566991 1
0.074015 0.498266 1
0.323091 0.213746 1
0.164923 0.342725 1
0.027636 0.738733 1
0.477451 0.222374 1
0.005812 0.926906 1
0.407683 0.914067 1
0.358269 0.282692 1
0.375661 0.971135 1
0.374048 0.384216 1
0.764397 0.123445 0
0.255695 0.323977 1
0.914175 0.655705 1
0.030544 0.843211 1
0.804494 0.443057 1
0.257721 0.048620 0
0.899216 0.067004 0
0.660069 0.544096 1
0.204387 0.832601 1
0.798375 0.229114 1
0.210968 0.046869 0
0.958698 0.118613 0
0.564599 0.405818 1
0.526906 0.128873 0
0.308573 0.537886 1
0.540735 0.177232 0
0.734896 0.210148 1
0.943588 0.562759 1
0.424892 0.952215 1
0.857619 0.817252 1
0.737954 0.734399 1
0.651382 0.282746 1
0.788782 0.184544 0
0.484858 0.384751 1
0.762084 0.686544 1
0.608304 0.041165 0
0.539951 0.370878 1
0.550773 0.481971 1
0.805911 0.851069 1
0.207592 0.328606 1
0.715754 0.523818 1
0.420814 0.428444 1
0.585039 0.843154 1
0.706089 0.248417 1
0.229100 0.096705 0
0.595808 0.512541 1
0.874878 0.690554 1
0.218212 0.612581 1
0.162415 0.878376 1
0.314034 0.941512 1
0.443102 0.812004 1
0.699910 0.617057 1
0.920815 0.586085 1
0.610887 0.879803 1
0.755136 0.900946 1
0.587429 0.353405 1
0.489469 0.014611 0
0.792768 0.658944 1
0.876105 0.985066 1
0.534215 0.889256 1
0.742628 0.067156 0
0.700521 0.225167 1
0.193721 0.053362 0
0.656564 0.281624 1
0.766923 0.968591 1
0.784794 0.871802 1
0.913668 0.705831 1
0.073551 0.301498 1
0.769265 0.505696 1
0.061663 0.637328 1
0.716352 0.927873 1
0.993661 0.201829 1
0.357809 0.301315 1
0.898746 0.829256 1
0.056051 0.939282 1
0.764698 0.922378 1
0.250655 0.068640 0
0.414037 0.521311 1
0.584393 0.427277 1
0.904238 0.809602 1
0.607239 0.226263 1
0.348554 0.430489 1
0.360075 0.999283 1
0.215870 0.974288 1
0.549173 0.583068 1
0.473575 0.634201 1
0.161780 0.433597 1
0.014770 0.393131 1
0.510281 0.436269 1
0.817611 0.112393 0
0.530870 0.231682 1
0.156995 0.347624 1
0.292126 0.286922 1
0.927076 0.223259 1
0.008861 0.610651 1
0.715334 0.264989 1
0.570862 0.733912 1
0.984574 0.182889 0
0.020004 0.258965 1
0.344951 0.508716 1
0.449100 0.831550 1
0.706667 0.998496 1
0.365878 0.453455 1
0.765328 0.403821 1
0.809880 0.277944 1
0.263050 0.525894 1
0.107739 0.311561 1
0.518152 0.915117 1
0.737455 0.590110 1
0.308173 0.341607 1
0.860566 0.518834 1
0.148597 0.505562 1
0.257235 0.383147 1
0.543000 0.910253 1
0.635115 0.126042 0
0.774527 0.414895 1
0.064064 0.690733 1
0.707992 0.235638 1
0.845782 0.856028 1
0.168096 0.144832 0
0.785964 0.165293 0
0.991029 0.352816 1
0.533555 0.790281 1
0.677921 0.376304 1
0.734932 0.038349 0
0.022080 0.295455 1
0.833004 0.307138 1
0.036572 0.071447 0
0.446173 0.033440 0
0.091038 0.295094 1
0.416150 0.091029 0
0.760454 0.158597 0
0.667307 0.736346 1
0.377151 0.598047 1
0.889175 0.510284 1
0.416586 0.421650 1
0.447060 0.028007 0
0.972613 0.778483 1
0.926174 0.712580 1
0.785857 0.843449 1
0.270437 0.578282 1
0.994890 0.679168 1
0.334149 0.651862 1
0.031119 0.243997 1
0.686432 0.528554 1
0.378505 0.515219 1
0.723491 0.523792 1
0.480855 0.334276 1
0.709395 0.518126 1
0.182346 0.599675 1
0.332423 0.623702 1
0.424086 0.979284 1
0.554133 0.026002 0
0.185138 0.320970 1
0.972022 0.346618 1
0.235634 0.674803 1
0.022057 0.570904 1
0.881795 0.811045 1
0.913048 0.752341 1
0.543874 0.403742 1
0.578368 0.586775 1
0.625326 0.398629 1
0.776206 0.577197 1
0.064490 0.446346 1
0.335594 0.495428 1
0.479226 0.762785 1
0.949547 0.032314 0
0.955995 0.991385 1
0.988680 0.355547 1
0.190783 0.923756 1
0.171898 0.845299 1
0.058648 0.865960 1
0.659241 0.463309 1
0.780887 0.446714 1
0.668236 0.385780 1
0.612927 0.300069 1
0.010672 0.653526 1
0.545334 0.720375 1
0.137610 0.508430 1
0.519526 0.982336 1
0.056754 0.965381 1
0.823970 0.647516 1
0.941868 0.817231 1
0.123956 0.754522 1
0.564376 0.419827 1
0.363694 0.527166 1
0.844778 0.176784 0
0.502625 0.872056 1
0.710637 0.214397 1
0.224487 0.868784 1
0.496842 0.694087 1
0.462857 0.038435 0
0.281469 0.953603 1
0.684093 0.011202 0
0.496308 0.467779 1
0.529071 0.219306 1
0.731029 0.243556 1
0.390423 0.840455 1
0.662287 0.852799 1
0.193268 0.010919 0
0.373469 0.212010 1
0.983369 0.779883 1
0.353387 0.621361 1
0.583509 0.544427 1
0.255876 0.973887 1
0.747386 0.968062 1
0.876695 0.498216 1
0.333583 0.569530 1
0.257995 0.260606 1
0.122733 0.363282 1
0.670888 0.283726 1
0.021294 0.590227 1
0.176575 0.836069 1
0.646199 0.091861 0
0.127640 0.045317 0
0.535847 0.835024 1
0.132591 0.422930 1
0.135077 0.417415 1
0.154932 0.848246 1
0.766052 0.012205 0
0.767756 0.319666 1
0.522358 0.509489 1
0.191498 0.639422 1
0.847487 0.025151 0
0.312845 0.180153 0
0.223782 0.877836 1
0.579664 0.147496 0
0.656490 0.199558 0
0.463268 0.009214 0
0.063858 0.851087 1
0.947073 0.424198 1
0.170469 0.677585 1
0.205412 0.345852 1
0.627632 0.202572 1
0.158085 0.314395 1
0.293537 0.036704 0
0.930405 0.910185 1
0.702890 0.910808 1
0.715058 0.481899 1
0.113868 0.958429 1
0.547309 0.452557 1
0.990375 0.242747 1
0.185012 0.466447 1
0.136427 0.187915 0
0.686512 0.211201 1
0.368028 0.450331 1
0.209373 0.040869 0
0.887062 0.316846 1
0.864688 0.294016 1
0.324071 0.864637 1
0.307422 0.976591 1
0.607634 0.389237 1
0.322560 0.695047 1
0.949542 0.340450 1
0.824009 0.445126 1
0.017516 0.695513 1
0.342642 0.351081 1
0.749795 0.927994 1
0.660580 0.299045 1
0.481303 0.899952 1
0.154067 0.233188 1
0.116004 0.391584 1
0.359769 0.524226 1
0.496926 0.425568 1
0.346942 0.782831 1
0.130692 0.782830 1
0.143579 0.270056 1
0.277065 0.323829 1
0.271314 0.727379 1
0.570266 0.829300 1
0.791203 0.388233 1
0.840447 0.761791 1
0.520302 0.803602 1
0.875014 0.268859 1
0.137186 0.505921 1
0.289251 0.865532 1
0.738249 0.410392 1
0.127965 0.608743 1
0.430100 0.541124 1
0.393053 0.042287 0
0.823295 0.248472 1
0.149131 0.592384 1
0.971710 0.872263 1
0.415189 0.486035 1
0.176483 0.396496 1
0.539354 0.436170 1
0.427903 0.718931 1
0.499545 0.526285 1
0.722766 0.679218 1
0.402842 0.088949 0
0.857079 0.023760 0
0.803660 0.331123 1
0.743313 0.258615 1
0.611149 0.196490 0
0.084845 0.757389 1
0.520225 0.199725 0
0.421394 0.303269 1
0.960270 0.364218 1
0.107954 0.087376 0
0.738737 0.013804 0
0.371416 0.010220 0
0.051089 0.300402 1
0.755479 0.062776 0
0.852791 0.649452 1
0.717213 0.990330 1
0.710049 0.987872 1
0.624729 0.907298 1
0.552803 0.015756 0
0.260968 0.602510 1
0.379976 0.341817 1
0.981069 0.707372 1
0.161072 0.768245 1
0.333232 0.589710 1
0.001405 0.654991 1
0.195872 0.122877 0
0.134694 0.733772 1
0.606346 0.712651 1
0.139224 0.547154 1
0.924543 0.076672 0
0.197509 0.086896 0
0.352546 0.855375 1
0.914110 0.891970 1
0.286559 0.773024 1
0.211320 0.737143 1
0.625005 0.233578 1
0.285166 0.956678 1
0.751571 0.514041 1
0.142654 0.226182 1
