0.315561 0.956006 1
0.344972 0.693422 1
0.398419 0.974354 1
0.347109 0.566740 0
0.985903 0.564388 1
0.708728 0.718011 1
0.829610 0.604565 1
0.978967 0.497210 1
0.921975 0.224236 1
0.518431 0.561950 1
0.401686 0.431972 0
0.307729 0.203143 0
0.300959 0.661476 0
0.412298 0.945498 1
0.141637 0.327620 0
0.710494 0.944316 1
0.285540 0.265084 0
0.468695 0.328064 0
0.262335 0.285292 0
0.851026 0.840812 1
0.099204 0.837743 0
0.361849 0.274547 0
0.401017 0.082273 0
0.035681 0.139997 0
0.137305 0.552145 0
0.718145 0.301105 1
0.189210 0.617152 0
0.551028 0.881007 1
0.674470 0.372334 1
0.989321 0.234851 1
0.984849 0.997703 1
0.419153 0.499517 0
0.253723 0.722322 0
0.485713 0.674585 1
0.641366 0.130291 0
0.446889 0.581563 1
0.837364 0.597914 1
0.323513 0.251697 0
0.617803 0.043983 0
0.279292 0.745406 1
0.334845 0.405569 0
0.259164 0.448248 0
0.709427 0.152641 0
0.323508 0.291601 0
0.059159 0.772904 0
0.828409 0.168115 0
0.735124 0.907834 1
0.892864 0.221062 1
0.502947 0.724383 1
0.969787 0.756690 1
0.577437 0.841228 1
0.321835 0.235379 0
0.874784 0.607614 1
0.812280 0.151070 0
0.652734 0.500395 1
0.996438 0.829330 1
0.353308 0.750553 1
0.264918 0.062435 0
0.020892 0.045590 0
0.503367 0.349549 0
0.946337 0.721383 1
0.873461 0.922268 1
0.560407 0.220354 0
0.607143 0.849643 1
0.944860 0.669635 1
0.986453 0.263957 1
0.130890 0.337165 0
0.934827 0.243049 1
0.341054 0.041874 0
0.108693 0.555797 0
0.306934 0.200319 0
0.721324 0.368550 1
0.354666 0.544433 0
0.285902 0.905073 1
0.276404 0.608858 0
0.595471 0.410302 1
0.489037 0.107456 0
0.118056 0.903804 1
0.124318 0.499150 0
0.771362 0.456444 1
0.399253 0.549961 0
0.801451 0.165175 0
0.903273 0.975765 1
0.585753 0.912384 1
0.793260 0.270655 1
0.692603 0.658644 1
0.507647 0.331589 0
0.140784 0.019202 0
0.678179 0.262680 0
0.653177 0.658212 1
0.375331 0.770872 1
0.565680 0.613819 1
0.949160 0.191206 1
0.271966 0.237387 0
0.349290 0.024902 0
0.030679 0.637362 0
0.642246 0.026473 0
0.135573 0.911169 1
0.927522 0.053702 0
0.867252 0.438162 1
0.682569 0.731211 1
0.035949 0.740439 0
0.645326 0.698565 1
0.874330 0.035885 0
0.547069 0.541674 1
0.857659 0.306170 1
0.412525 0.238446 0
0.329959 0.980736 1
0.778010 0.919699 1
0.815071 0.973849 1
0.792500 0.962397 1
0.290800 0.748052 1
0.973944 0.710675 1
0.532664 0.242307 0
0.998629 0.536048 1
0.592121 0.047157 0
0.819732 0.393058 1
0.518101 0.388699 0
0.467227 0.643542 1
0.373326 0.981835 1
0.319234 0.485852 0
0.757102 0.077564 0
0.316553 0.592251 0
0.960783 0.053292 1
0.771714 0.435059 1
0.552289 0.488659 1
0.492306 0.357211 0
0.977728 0.167699 1
0.253113 0.901471 1
0.186025 0.570066 0
0.277744 0.451981 0
0.989477 0.860245 1
0.611437 0.048826 0
0.957943 0.082895 1
0.730842 0.193015 0
0.238941 0.251143 0
0.753004 0.405114 1
0.768663 0.110443 0
0.756230 0.455263 1
0.699843 0.697432 1
0.567242 0.813225 1
0.576365 0.053872 0
0.983499 0.282834 1
0.603181 0.264547 0
0.368523 0.562013 0
0.989491 0.510581 1
0.176757 0.405385 0
0.624229 0.549984 1
0.041245 0.968925 1
0.507789 0.395643 0
0.703367 0.044421 0
0.215482 0.119691 0
0.124658 0.067970 0
0.652547 0.823161 1
0.128628 0.923387 1
0.360955 0.980858 1
0.263926 0.463210 0
0.247723 0.962085 1
0.151316 0.123200 0
0.038138 0.811612 0
0.598309 0.912048 1
0.723563 0.926232 1
0.948954 0.420289 1
0.219926 0.969646 1
0.731096 0.565592 1
0.318395 0.981017 1
0.666600 0.396978 1
0.136068 0.389649 0
0.507114 0.959314 1
0.668766 0.996830 1
0.443969 0.195190 0
0.533535 0.527396 1
0.598448 0.982688 1
0.996152 0.070476 1
0.395830 0.585765 0
0.769272 0.249355 1
0.032467 0.865999 0
0.693067 0.147340 0
0.730028 0.781707 1
0.186383 0.497478 0
0.440512 0.369953 0
0.485697 0.967909 1
0.617746 0.251102 0
0.438439 0.378644 0
0.158986 0.765512 0
0.076883 0.128720 0
0.455974 0.736336 1
0.283363 0.560132 0
0.173386 0.315434 0
0.391584 0.400554 0
0.976357 0.470577 1
0.391304 0.119408 0
0.536419 0.762936 1
0.206899 0.886587 1
0.604901 0.852248 1
0.603860 0.710760 1
0.054872 0.293115 0
0.017627 0.828751 0
0.383847 0.244276 0
0.983977 0.718440 1
0.264608 0.424172 0
0.113966 0.468648 0
0.469378 0.554336 1
0.435862 0.258372 0
0.186236 0.910310 1
0.129363 0.444504 0
0.155936 0.474991 0
0.506479 0.037050 0
0.093622 0.745507 0
0.827283 0.875557 1
0.371670 0.037700 0
0.776992 0.228825 1
0.849136 0.747414 1
0.137062 0.096290 0
0.629928 0.126390 0
0.317725 0.181613 0
0.670759 0.070730 0
0.280252 0.982406 1
0.433837 0.298011 0
0.093713 0.870472 0
0.104094 0.884872 0
0.284200 0.309475 0
0.431913 0.294476 0
0.305234 0.052017 0
0.876081 0.257297 1
0.738785 0.947971 1
0.243784 0.563075 0
0.775134 0.788712 1
0.816483 0.361499 1
0.762561 0.343144 1
0.904443 0.341928 1
0.541762 0.421367 0
0.598645 0.310553 0
0.533381 0.649242 1
0.956500 0.916135 1
0.232250 0.363030 0
0.850316 0.175042 1
0.737329 0.313280 1
0.554415 0.797968 1
0.140423 0.247108 0
0.163813 0.310181 0
0.673341 0.059456 0
0.205622 0.994815 1
0.619262 0.403494 1
0.420299 0.236029 0
0.068651 0.238349 0
0.652477 0.149665 0
0.131728 0.193190 0
0.207325 0.803941 1
0.280945 0.561098 0
0.327010 0.557603 0
0.106316 0.016457 0
0.387288 0.545081 0
0.271330 0.492025 0
0.280314 0.764158 1
0.696933 0.162976 0
0.394678 0.861000 1
0.056785 0.468300 0
0.195638 0.397799 0
0.692512 0.113513 0
0.287416 0.366699 0
0.268090 0.222439 0
0.453995 0.013435 0
0.095919 0.841055 0
0.750995 0.794923 1
0.219303 0.482151 0
0.454801 0.861968 1
0.869276 0.534392 1
0.085340 0.783943 0
0.665697 0.958542 1
0.886384 0.372819 1
0.285663 0.637284 0
0.798697 0.229230 1
0.482425 0.919850 1
0.044974 0.605519 0
0.561904 0.090137 0
0.766450 0.566471 1
0.310607 0.679243 0
0.716424 0.840747 1
0.283142 0.327330 0
0.853546 0.670148 1
0.568665 0.688614 1
0.766148 0.587253 1
0.327548 0.660778 0
0.278286 0.539898 0
0.863953 0.810460 1
0.977031 0.135286 1
0.725283 0.100103 0
0.887224 0.210729 1
0.979953 0.592718 1
0.090285 0.166664 0
0.864468 0.169053 1
0.078955 0.831078 0
0.471028 0.841168 1
0.197126 0.360445 0
0.278739 0.604435 0
0.182146 0.091881 0
0.193450 0.631885 0
0.830388 0.016248 0
0.818611 0.430818 1
0.761423 0.270853 1
0.253891 0.585311 0
0.827685 0.926965 1
0.002848 0.472607 0
0.410812 0.751477 1
0.147915 0.783115 0
0.598573 0.846222 1
0.925585 0.724101 1
0.924492 0.687221 1
0.808330 0.313682 1
0.723532 0.089752 0
0.760604 0.043703 0
0.620399 0.336895 0
0.743876 0.575640 1
0.171436 0.059420 0
0.321586 0.764415 1
0.190819 0.963869 1
0.897701 0.324861 1
0.240552 0.502066 0
0.601928 0.170896 0
0.183294 0.457238 0
0.541216 0.219358 0
0.193222 0.457652 0
0.553904 0.365809 0
0.028220 0.188039 0
0.622775 0.551711 1
0.604338 0.404654 1
0.628723 0.154850 0
0.316018 0.815449 1
0.622049 0.439807 1
0.151542 0.256278 0
0.617797 0.193528 0
0.027517 0.423677 0
0.104043 0.986779 1
0.417117 0.284955 0
0.834345 0.565095 1
0.170900 0.484785 0
0.108146 0.847719 0
0.965486 0.480357 1
0.215339 0.767792 0
0.096514 0.762092 0
0.462660 0.618201 1
0.680180 0.280464 0
0.718941 0.002600 0
0.300623 0.896426 1
0.981788 0.715504 1
0.861632 0.217651 1
0.508341 0.372819 0
0.177071 0.929408 1
0.521784 0.168655 0
0.525060 0.371394 0
0.254049 0.855252 1
0.356620 0.019025 0
0.804737 0.070981 0
0.637888 0.430791 1
0.018578 0.364104 0
0.279021 0.689616 0
0.957214 0.517177 1
0.683761 0.632699 1
0.944630 0.101635 1
0.050327 0.470270 0
0.644333 0.043320 0
0.440464 0.900267 1
0.474216 0.369865 0
0.176701 0.941202 1
0.235978 0.281528 0
0.983256 0.004377 0
0.404007 0.972594 1
0.256952 0.154960 0
0.084123 0.592707 0
0.898032 0.401126 1
0.276274 0.477989 0
0.991564 0.466218 1
0.029978 0.552273 0
0.696763 0.016176 0
0.862192 0.072482 0
0.226702 0.884695 1
0.090999 0.489357 0
0.660985 0.234851 0
0.786499 0.650491 1
0.619206 0.095370 0
0.337672 0.173945 0
0.597351 0.113645 0
0.527904 0.693937 1
0.191158 0.899514 1
0.468767 0.974701 1
0.933425 0.145473 1
0.812357 0.365537 1
0.426073 0.574122 1
0.552198 0.906486 1
0.787705 0.528914 1
0.267268 0.951039 1
0.215035 0.382750 0
0.230586 0.413779 0
0.545342 0.511531 1
0.484970 0.505084 0
0.426887 0.380870 0
0.582574 0.298525 0
0.345416 0.537425 0
0.100927 0.413690 0
0.514364 0.695987 1
0.302375 0.010724 0
0.189312 0.363847 0
0.241971 0.997589 1
0.254603 0.276968 0
0.800220 0.707231 1
0.911961 0.700860 1
0.512481 0.608110 1
0.341515 0.057107 0
0.032694 0.635533 0
0.249117 0.100089 0
0.662782 0.634261 1
0.687460 0.358881 1
0.908443 0.732778 1
0.937869 0.384658 1
0.248895 0.638232 0
0.058309 0.032038 0
0.736820 0.567165 1
0.667938 0.627726 1
0.808421 0.341365 1
0.316234 0.544747 0
0.749748 0.548593 1
0.461878 0.266168 0
0.989099 0.076499 1
0.788027 0.424906 1
0.383286 0.214353 0
0.018630 0.434467 0
0.706664 0.560817 1
0.783112 0.604167 1
0.912665 0.678141 1
0.718456 0.097867 0
0.111076 0.896650 1
0.680709 0.497907 1
0.077573 0.137576 0
0.013377 0.288624 0
0.083797 0.903656 0
0.136255 0.119764 0
0.548235 0.566200 1
0.462475 0.878376 1
0.885714 0.782944 1
0.620075 0.198689 0
0.867003 0.367848 1
0.402303 0.725951 1
0.403193 0.035819 0
0.070652 0.787573 0
0.480983 0.219011 0
0.942905 0.730162 1
0.538836 0.629520 1
0.843893 0.383738 1
0.726177 0.217406 0
0.330460 0.812633 1
0.023132 0.913796 0
0.013345 0.690829 0
0.514371 0.062940 0
0.294022 0.354819 0
0.237304 0.133520 0
0.682977 0.125895 0
0.071046 0.477188 0
0.550364 0.473896 1
0.393766 0.757722 1
0.665702 0.993034 1
0.112471 0.460015 0
0.777786 0.516839 1
0.061303 0.399035 0
0.093085 0.696856 0
0.293062 0.223707 0
0.087534 0.879386 0
0.675553 0.326250 1
0.508727 0.883103 1
0.118397 0.577948 0
0.401256 0.564982 0
0.331473 0.975983 1
0.214009 0.335222 0
0.933974 0.764235 1
0.671253 0.430906 1
0.037450 0.061105 0
0.924192 0.988184 1
0.588660 0.578330 1
0.720508 0.448923 1
0.750435 0.542634 1
0.187070 0.488717 0
0.994999 0.061886 1
0.897153 0.198296 1
0.842874 0.913425 1
0.637257 0.558213 1
0.050001 0.822610 0
0.053427 0.964767 1
0.161340 0.262942 0
0.860367 0.889042 1
0.189016 0.742624 0
0.070584 0.735901 0
0.133449 0.491867 0
0.721679 0.641964 1
0.185094 0.549772 0
0.347878 0.240615 0
0.178711 0.819166 0
0.084970 0.161942 0
0.939196 0.244365 1
0.930856 0.860916 1
0.125963 0.451997 0
0.810996 0.614586 1
0.209617 0.613597 0
0.944021 0.084265 1
0.112606 0.616638 0
0.950405 0.535385 1
0.891063 0.634775 1
0.498396 0.967629 1
0.271992 0.304010 0
0.793003 0.643156 1
0.638998 0.795226 1
0.681399 0.780236 1
0.030458 0.451614 0
0.477365 0.349909 0
0.530743 0.292949 0
0.433655 0.334914 0
0.574776 0.221983 0
0.344933 0.491873 0
0.294720 0.042702 0
0.729537 0.862155 1
0.734066 0.048155 0
0.287744 0.638209 0
0.417278 0.498718 0
0.836983 0.438009 1
0.754559 0.530964 1
0.340265 0.477384 0
0.874763 0.545170 1
0.414023 0.658608 1
0.954373 0.666059 1
0.347108 0.913274 1
0.639619 0.074285 0
0.121206 0.501454 0
0.809993 0.065904 0
0.700857 0.888777 1
0.192536 0.864408 1
0.791271 0.938352 1
0.411893 0.367753 0
0.509210 0.218636 0
0.066174 0.717094 0
0.884483 0.390262 1
0.699332 0.000585 0
0.436819 0.090247 0
0.581996 0.471493 1
0.349115 0.325239 0
0.983768 0.142179 1
0.676959 0.602416 1
0.912374 0.638409 1
0.873914 0.593046 1
0.867487 0.465066 1
0.747269 0.833251 1
0.147693 0.566732 0
0.914019 0.599390 1
0.647171 0.936168 1
0.782312 0.497906 1
0.144781 0.864128 1
0.698582 0.403153 1
0.836687 0.767937 1
0.084213 0.881731 0
0.861578 0.091239 0
0.755270 0.493710 1
0.351265 0.516515 0
0.127011 0.283362 0
0.082625 0.322272 0
0.445175 0.380248 0
0.948868 0.014066 0
0.681480 0.036450 0
0.178751 0.700239 0
0.186339 0.682697 0
0.951675 0.312399 1
0.577691 0.870919 1
0.409972 0.597713 1
0.775186 0.977828 1
0.354007 0.052409 0
0.521854 0.128425 0
0.633231 0.608321 1
0.953430 0.662829 1
0.572311 0.513542 1
0.169865 0.472998 0
0.000997 0.037720 0
0.542481 0.581947 1
0.481243 0.175034 0
0.414121 0.045775 0
0.152310 0.783843 0
0.681089 0.915199 1
0.135536 0.171229 0
0.914632 0.265066 1
0.627297 0.913808 1
0.726666 0.088551 0
0.402582 0.691474 1
0.717645 0.449509 1
0.120891 0.964562 1
0.839018 0.248934 1
0.277864 0.894770 1
0.489728 0.111182 0
0.191915 0.827252 1
0.343437 0.572131 0
0.076825 0.417800 0
0.435451 0.825296 1
0.227775 0.368344 0
0.003742 0.088497 0
0.064606 0.854594 0
0.484345 0.037497 0
0.306089 0.215440 0
0.234523 0.654331 0
0.188139 0.781404 0
0.872775 0.770236 1
0.240404 0.336224 0
0.846789 0.816623 1
0.671935 0.579606 1
0.646007 0.413790 1
0.964542 0.210079 1
0.585174 0.425100 1
0.813496 0.266377 1
0.779557 0.139975 0
0.700198 0.291518 0
0.205773 0.684694 0
0.478863 0.376147 0
0.884385 0.703944 1
0.981890 0.669813 1
0.169797 0.568051 0
0.756629 0.202475 0
0.493660 0.221162 0
0.351555 0.851188 1
0.616996 0.840104 1
0.533381 0.511218 1
0.354976 0.422356 0
0.151020 0.440815 0
0.135938 0.406897 0
0.417979 0.047153 0
0.425293 0.802721 1
0.383068 0.222717 0
0.533814 0.668755 1
0.409387 0.588820 0
0.107410 0.467366 0
0.700671 0.548378 1
0.141973 0.228965 0
0.811994 0.246661 1
0.790270 0.898164 1
0.786447 0.925261 1
0.878637 0.937710 1
0.975865 0.650580 1
0.543812 0.861707 1
0.186250 0.519493 0
0.873891 0.641242 1
0.200456 0.358815 0
0.005820 0.874265 0
0.868789 0.068729 0
0.165009 0.142416 0
0.904329 0.078360 0
0.714072 0.687281 1
0.063559 0.687458 0
0.736574 0.121988 0
0.216561 0.335420 0
0.906597 0.677496 1
0.474346 0.559674 1
0.776658 0.026257 0
0.584601 0.673282 1
0.435371 0.694811 1
0.152704 0.609781 0
0.449438 0.332071 0
0.225239 0.699914 0
0.149399 0.923540 1
0.312308 0.497314 0
0.433633 0.527033 0
0.048142 0.494412 0
0.011835 0.389767 0
0.708838 0.098630 0
0.592177 0.996288 1
0.296198 0.640079 0
0.363181 0.584145 0
0.667457 0.496725 1
0.608161 0.487740 1
0.943709 0.242906 1
0.251206 0.091916 0
0.168873 0.090107 0
0.023088 0.441799 0
0.362353 0.421010 0
0.987538 0.675850 1
0.548306 0.405307 0
0.949701 0.440251 1
0.358819 0.972731 1
0.991198 0.327415 1
0.227124 0.569514 0
0.676093 0.436370 1
0.528653 0.463560 0
0.448025 0.888826 1
0.865293 0.399818 1
0.405978 0.784394 1
0.177510 0.205563 0
0.848493 0.416321 1
0.951774 0.157195 1
0.478595 0.085257 0
0.340793 0.696933 1
0.602741 0.137993 0
0.460150 0.344083 0
0.159265 0.435884 0
0.420044 0.450535 0
0.999540 0.495871 1
0.661721 0.495469 1
0.348306 0.406293 0
0.296020 0.762563 1
0.190052 0.618195 0
0.466393 0.754036 1
0.536980 0.771080 1
0.667713 0.741657 1
0.807129 0.859521 1
0.922010 0.005802 0
0.059157 0.542784 0
0.852653 0.874364 1
0.649742 0.708912 1
0.405391 0.120537 0
0.490829 0.236794 0
0.600721 0.685662 1
0.320540 0.358732 0
0.196037 0.017927 0
0.804878 0.977757 1
0.125506 0.958168 1
0.253114 0.628739 0
0.266485 0.322519 0
0.875633 0.716546 1
0.819663 0.019929 0
0.971582 0.303882 1
0.709093 0.770673 1
0.666212 0.567540 1
0.932832 0.265486 1
0.948827 0.230273 1
0.604898 0.465526 1
0.538288 0.313324 0
0.233317 0.883818 1
0.412060 0.528416 0
0.641520 0.748423 1
0.558486 0.289788 0
0.752571 0.527878 1
0.848787 0.430388 1
0.348144 0.377011 0
0.191413 0.227201 0
0.703270 0.100131 0
0.192345 0.139499 0
0.328461 0.203125 0
0.572859 0.482563 1
0.194975 0.782804 0
0.078486 0.826626 0
0.014763 0.860277 0
0.753422 0.838691 1
0.884192 0.921149 1
0.785490 0.257736 1
0.883736 0.875600 1
0.563602 0.756060 1
0.785698 0.834728 1
0.494388 0.925071 1
0.328603 0.656707 0
0.959321 0.361840 1
0.882263 0.068637 0
0.949215 0.858382 1
0.164889 0.922052 1
0.153357 0.802948 0
0.944899 0.601245 1
0.297146 0.085192 0
0.067623 0.059893 0
0.076420 0.917219 0
0.349084 0.156178 0
0.732208 0.521428 1
0.621563 0.351951 0
0.521383 0.272479 0
0.842151 0.996613 1
0.352057 0.037730 0
0.950024 0.581764 1
0.717898 0.749916 1
0.767598 0.190692 0
0.713557 0.123849 0
0.567315 0.226254 0
0.740169 0.727883 1
0.479603 0.335225 0
0.635403 0.282236 0
0.812111 0.983401 1
0.816182 0.483309 1
0.796603 0.778362 1
0.417579 0.570223 0
0.844477 0.307285 1
0.094653 0.764192 0
0.635157 0.009143 0
0.729938 0.128756 0
0.182904 0.574619 0
0.830502 0.079909 0
0.753485 0.859814 1
0.427805 0.286409 0
0.365103 0.206734 0
0.182068 0.218996 0
0.849655 0.564704 1
0.298793 0.379696 0
0.733731 0.822312 1
0.945240 0.752467 1
0.517611 0.427843 0
0.514209 0.194200 0
0.798931 0.995931 1
0.686441 0.562681 1
0.144594 0.946131 1
0.254793 0.371599 0
0.476051 0.731385 1
0.936629 0.167444 1
0.655561 0.882043 1
0.865079 0.923094 1
0.412908 0.350813 0
0.760241 0.816137 1
0.308833 0.970562 1
0.760637 0.970540 1
0.527823 0.339841 0
0.214211 0.792752 1
0.663370 0.357304 1
0.930371 0.121505 1
0.314415 0.164344 0
0.941838 0.090408 1
0.135836 0.438436 0
0.706236 0.896229 1
0.941524 0.009277 0
0.371609 0.889261 1
0.460317 0.623635 1
0.912782 0.716097 1
0.750668 0.452842 1
0.510378 0.679720 1
0.346082 0.252022 0
0.599056 0.713580 1
0.072037 0.284625 0
0.409312 0.124166 0
0.921750 0.247736 1
0.513480 0.534979 1
0.425293 0.735838 1
0.886717 0.029757 0
0.763449 0.168090 0
0.597291 0.380214 0
0.730362 0.378733 1
0.627627 0.723187 1
0.495703 0.488517 0
0.970322 0.405296 1
0.033426 0.608873 0
0.659779 0.748158 1
0.547186 0.817068 1
0.100113 0.673173 0
0.914293 0.130691 1
0.493555 0.178483 0
0.243160 0.510518 0
0.648007 0.584534 1
0.130649 0.857438 0
0.533076 0.474971 1
0.830093 0.513193 1
0.974570 0.448732 1
0.199049 0.417837 0
0.023776 0.160349 0
0.827722 0.736205 1
0.187064 0.158020 0
0.822103 0.889606 1
0.662123 0.513511 1
0.558881 0.695816 1
0.334572 0.235444 0
0.228049 0.344308 0
0.523800 0.797980 1
0.721168 0.609354 1
0.276697 0.201856 0
0.557054 0.144860 0
0.200362 0.718819 0
0.290912 0.449026 0
0.499465 0.149182 0
0.968868 0.890205 1
0.517341 0.886350 1
0.277571 0.138903 0
0.489264 0.896497 1
0.439246 0.800965 1
0.376969 0.209917 0
0.417228 0.000751 0
0.766867 0.860645 1
0.827102 0.639621 1
0.158003 0.526829 0
0.394714 0.991764 1
0.990394 0.037708 1
0.560899 0.143368 0
0.376579 0.374781 0
0.653082 0.035147 0
0.061448 0.135047 0
0.791933 0.698827 1
0.938003 0.506048 1
0.562840 0.890245 1
0.564363 0.946505 1
0.552705 0.312626 0
0.431349 0.180546 0
0.904820 0.129295 1
0.951459 0.346788 1
0.565323 0.380406 0
0.944673 0.623402 1
0.073992 0.232172 0
0.893396 0.228007 1
0.753988 0.716857 1
0.564096 0.787008 1
0.108258 0.250682 0
0.382566 0.312058 0
0.532168 0.133594 0
0.860244 0.350427 1
0.916840 0.895358 1
0.031240 0.116999 0
0.893142 0.721606 1
0.773797 0.802977 1
0.512824 0.466798 0
0.775410 0.559889 1
0.042070 0.981098 1
0.771831 0.540585 1
0.226758 0.049095 0
0.035045 0.804836 0
0.314234 0.597731 0
0.911025 0.951203 1
0.708127 0.306337 1
0.742901 0.456060 1
0.275722 0.299414 0
0.270046 0.827781 1
0.202160 0.324958 0
0.331763 0.328890 0
0.634898 0.127959 0
0.017791 0.490517 0
0.253985 0.532684 0
0.976127 0.529406 1
0.605925 0.497286 1
0.037288 0.315500 0
0.951314 0.201101 1
0.777662 0.779632 1
0.088781 0.297134 0
0.314752 0.366208 0
0.914553 0.511764 1
0.541018 0.137850 0
0.468983 0.269232 0
0.143448 0.251131 0
0.719424 0.054711 0
0.380770 0.345991 0
0.101859 0.830799 0
0.964513 0.120256 1
0.664940 0.257970 0
0.133282 0.236877 0
0.361285 0.377611 0
0.349353 0.255889 0
0.438390 0.433309 0
0.407403 0.723586 1
0.998890 0.630401 1
0.308147 0.373074 0
0.965660 0.794048 1
0.375840 0.185684 0
0.977951 0.863480 1
0.320432 0.396847 0
0.230493 0.901984 1
0.649824 0.506387 1
0.454587 0.146855 0
0.746221 0.696252 1
0.061317 0.147677 0
0.029386 0.249993 0
0.004763 0.383105 0
0.464517 0.878616 1
0.939611 0.986154 1
0.500708 0.415267 0
0.227529 0.764149 0
0.167782 0.938840 1
0.393227 0.639018 1
0.065420 0.975298 1
0.121747 0.228123 0
0.296790 0.969149 1
0.403422 0.109772 0
0.032164 0.126057 0
0.663727 0.919236 1
0.081330 0.641405 0
0.704565 0.061150 0
0.972158 0.998563 1
0.686056 0.212709 0
0.975215 0.834799 1
0.671581 0.921835 1
0.189292 0.046459 0
0.802508 0.469512 1
0.663143 0.562010 1
0.453007 0.425556 0
0.029207 0.485894 0
0.896601 0.742051 1
0.794082 0.510732 1
0.289904 0.758009 1
0.829475 0.905423 1
0.433071 0.422776 0
0.307680 0.491719 0
0.067233 0.219473 0
0.043176 0.099832 0
0.713836 0.785075 1
0.655239 0.267904 0
0.767287 0.567764 1
0.746725 0.015777 0
0.345689 0.151459 0
0.588347 0.355096 0
0.514109 0.800579 1
0.221215 0.511738 0
0.574443 0.223443 0
0.840950 0.281582 1
0.916666 0.856767 1
0.707502 0.283131 0
0.298512 0.752303 1
0.813105 0.234325 1
0.418671 0.044160 0
0.794456 0.142425 0
0.384576 0.609262 0
0.843186 0.848278 1
0.691812 0.751075 1
